{
 "cells": [
  {
   "cell_type": "markdown",
   "metadata": {},
   "source": [
    "## Import Relevant Packages"
   ]
  },
  {
   "cell_type": "code",
   "execution_count": 7,
   "metadata": {},
   "outputs": [],
   "source": [
    "import os\n",
    "import sys \n",
    "sys.path.append('../')\n",
    "from models.dual_gat_image_clustering import DualGATImageClustering\n",
    "import torch\n",
    "import numpy as np\n",
    "from models import constants\n",
    "from src import utils"
   ]
  },
  {
   "cell_type": "markdown",
   "metadata": {},
   "source": [
    "## Model Testing"
   ]
  },
  {
   "cell_type": "code",
   "execution_count": 9,
   "metadata": {},
   "outputs": [
    {
     "name": "stderr",
     "output_type": "stream",
     "text": [
      "/home/billalmokhtari/anaconda3/lib/python3.11/site-packages/torchvision/models/_utils.py:208: UserWarning: The parameter 'pretrained' is deprecated since 0.13 and may be removed in the future, please use 'weights' instead.\n",
      "  warnings.warn(\n",
      "/home/billalmokhtari/anaconda3/lib/python3.11/site-packages/torchvision/models/_utils.py:223: UserWarning: Arguments other than a weight enum or `None` for 'weights' are deprecated since 0.13 and may be removed in the future. The current behavior is equivalent to passing `weights=VGG16_Weights.IMAGENET1K_V1`. You can also use `weights=VGG16_Weights.DEFAULT` to get the most up-to-date weights.\n",
      "  warnings.warn(msg)\n"
     ]
    },
    {
     "data": {
      "text/plain": [
       "(tensor([[ 1.9420, -1.0927, -0.3095,  ...,  0.8815, -1.2590,  1.9273],\n",
       "         [-0.9106,  1.8191, -1.6820,  ..., -1.8360, -1.0180, -0.8793],\n",
       "         [-0.2122,  0.0713,  0.2099,  ...,  0.3159,  0.4627, -0.2905],\n",
       "         [-0.5057, -0.6925,  1.3607,  ...,  0.8411,  1.4163, -0.6428],\n",
       "         [-0.3134, -0.1052,  0.4208,  ..., -0.2025,  0.3980, -0.1147]],\n",
       "        grad_fn=<NativeBatchNormBackward0>),\n",
       " tensor([[[ 1.0000, -0.2218,  1.0325, -1.3476, -1.3556],\n",
       "          [-0.2218,  1.0000,  1.9199, -0.4304,  0.0443],\n",
       "          [ 1.0325,  1.9199,  1.0000, -0.2016,  0.5603],\n",
       "          [-1.3476, -0.4304, -0.2016,  1.0000,  0.0000],\n",
       "          [-1.3556,  0.0443,  0.5603,  0.0000,  1.0000]],\n",
       " \n",
       "         [[ 1.0000, -1.9395, -0.4564, -0.4441,  0.4084],\n",
       "          [-1.9395,  1.0000, -0.7187,  0.1737,  0.4138],\n",
       "          [-0.4564, -0.7187,  1.0000,  0.7055,  1.8572],\n",
       "          [-0.4441,  0.1737,  0.7055,  1.0000,  0.0000],\n",
       "          [ 0.4084,  0.4138,  1.8572,  0.0000,  1.0000]],\n",
       " \n",
       "         [[ 1.0000, -1.6820, -0.8099, -0.9909, -0.6283],\n",
       "          [-1.6820,  1.0000,  0.6849,  0.5056,  0.4278],\n",
       "          [-0.8099,  0.6849,  1.0000,  0.9976,  1.4952],\n",
       "          [-0.9909,  0.5056,  0.9976,  1.0000,  0.0000],\n",
       "          [-0.6283,  0.4278,  1.4952,  0.0000,  1.0000]],\n",
       " \n",
       "         ...,\n",
       " \n",
       "         [[ 1.0000, -1.4585, -1.4210, -0.3959, -0.7444],\n",
       "          [-1.4585,  1.0000,  0.2582,  1.1142,  0.3171],\n",
       "          [-1.4210,  0.2582,  1.0000,  1.0682,  1.2620],\n",
       "          [-0.3959,  1.1142,  1.0682,  1.0000,  0.0000],\n",
       "          [-0.7444,  0.3171,  1.2620,  0.0000,  1.0000]],\n",
       " \n",
       "         [[ 1.0000, -1.8299, -0.7698, -0.9807, -0.3071],\n",
       "          [-1.8299,  1.0000,  0.5108,  0.4098,  0.4344],\n",
       "          [-0.7698,  0.5108,  1.0000,  0.9677,  1.5648],\n",
       "          [-0.9807,  0.4098,  0.9677,  1.0000,  0.0000],\n",
       "          [-0.3071,  0.4344,  1.5648,  0.0000,  1.0000]],\n",
       " \n",
       "         [[ 1.0000,  1.7381,  0.0953,  1.4198,  0.1792],\n",
       "          [ 1.7381,  1.0000, -0.7339,  0.1742, -0.4859],\n",
       "          [ 0.0953, -0.7339,  1.0000, -0.8272, -1.5597],\n",
       "          [ 1.4198,  0.1742, -0.8272,  1.0000,  0.0000],\n",
       "          [ 0.1792, -0.4859, -1.5597,  0.0000,  1.0000]]]),\n",
       " tensor([[-0.2218, -1.9395, -1.6820,  ..., -1.4585, -1.8299,  1.7381],\n",
       "         [ 1.0325, -0.4564, -0.8099,  ..., -1.4210, -0.7698,  0.0953],\n",
       "         [-1.3476, -0.4441, -0.9909,  ..., -0.3959, -0.9807,  1.4198],\n",
       "         ...,\n",
       "         [ 0.0443,  0.4138,  0.4278,  ...,  0.3171,  0.4344, -0.4859],\n",
       "         [-0.2016,  0.7055,  0.9976,  ...,  1.0682,  0.9677, -0.8272],\n",
       "         [ 0.5603,  1.8572,  1.4952,  ...,  1.2620,  1.5648, -1.5597]],\n",
       "        grad_fn=<NativeBatchNormBackward0>),\n",
       " tensor([[[ 1.0000,  1.9420,  1.9420,  ..., -0.9106,  0.0000,  0.0000],\n",
       "          [ 1.9420,  1.0000,  1.9420,  ...,  0.0000, -0.2122, -0.2122],\n",
       "          [ 1.9420,  1.9420,  1.0000,  ...,  0.0000, -0.5057,  0.0000],\n",
       "          ...,\n",
       "          [-0.9106,  0.0000,  0.0000,  ...,  1.0000,  0.0000, -0.3134],\n",
       "          [ 0.0000, -0.2122, -0.5057,  ...,  0.0000,  1.0000, -0.2122],\n",
       "          [ 0.0000, -0.2122,  0.0000,  ..., -0.3134, -0.2122,  1.0000]],\n",
       " \n",
       "         [[ 1.0000, -1.0927, -1.0927,  ...,  1.8191,  0.0000,  0.0000],\n",
       "          [-1.0927,  1.0000, -1.0927,  ...,  0.0000,  0.0713,  0.0713],\n",
       "          [-1.0927, -1.0927,  1.0000,  ...,  0.0000, -0.6925,  0.0000],\n",
       "          ...,\n",
       "          [ 1.8191,  0.0000,  0.0000,  ...,  1.0000,  0.0000, -0.1052],\n",
       "          [ 0.0000,  0.0713, -0.6925,  ...,  0.0000,  1.0000,  0.0713],\n",
       "          [ 0.0000,  0.0713,  0.0000,  ..., -0.1052,  0.0713,  1.0000]],\n",
       " \n",
       "         [[ 1.0000, -0.3095, -0.3095,  ..., -1.6820,  0.0000,  0.0000],\n",
       "          [-0.3095,  1.0000, -0.3095,  ...,  0.0000,  0.2099,  0.2099],\n",
       "          [-0.3095, -0.3095,  1.0000,  ...,  0.0000,  1.3607,  0.0000],\n",
       "          ...,\n",
       "          [-1.6820,  0.0000,  0.0000,  ...,  1.0000,  0.0000,  0.4208],\n",
       "          [ 0.0000,  0.2099,  1.3607,  ...,  0.0000,  1.0000,  0.2099],\n",
       "          [ 0.0000,  0.2099,  0.0000,  ...,  0.4208,  0.2099,  1.0000]],\n",
       " \n",
       "         ...,\n",
       " \n",
       "         [[ 1.0000,  0.8815,  0.8815,  ..., -1.8360,  0.0000,  0.0000],\n",
       "          [ 0.8815,  1.0000,  0.8815,  ...,  0.0000,  0.3159,  0.3159],\n",
       "          [ 0.8815,  0.8815,  1.0000,  ...,  0.0000,  0.8411,  0.0000],\n",
       "          ...,\n",
       "          [-1.8360,  0.0000,  0.0000,  ...,  1.0000,  0.0000, -0.2025],\n",
       "          [ 0.0000,  0.3159,  0.8411,  ...,  0.0000,  1.0000,  0.3159],\n",
       "          [ 0.0000,  0.3159,  0.0000,  ..., -0.2025,  0.3159,  1.0000]],\n",
       " \n",
       "         [[ 1.0000, -1.2590, -1.2590,  ..., -1.0180,  0.0000,  0.0000],\n",
       "          [-1.2590,  1.0000, -1.2590,  ...,  0.0000,  0.4627,  0.4627],\n",
       "          [-1.2590, -1.2590,  1.0000,  ...,  0.0000,  1.4163,  0.0000],\n",
       "          ...,\n",
       "          [-1.0180,  0.0000,  0.0000,  ...,  1.0000,  0.0000,  0.3980],\n",
       "          [ 0.0000,  0.4627,  1.4163,  ...,  0.0000,  1.0000,  0.4627],\n",
       "          [ 0.0000,  0.4627,  0.0000,  ...,  0.3980,  0.4627,  1.0000]],\n",
       " \n",
       "         [[ 1.0000,  1.9273,  1.9273,  ..., -0.8793,  0.0000,  0.0000],\n",
       "          [ 1.9273,  1.0000,  1.9273,  ...,  0.0000, -0.2905, -0.2905],\n",
       "          [ 1.9273,  1.9273,  1.0000,  ...,  0.0000, -0.6428,  0.0000],\n",
       "          ...,\n",
       "          [-0.8793,  0.0000,  0.0000,  ...,  1.0000,  0.0000, -0.1147],\n",
       "          [ 0.0000, -0.2905, -0.6428,  ...,  0.0000,  1.0000, -0.2905],\n",
       "          [ 0.0000, -0.2905,  0.0000,  ..., -0.1147, -0.2905,  1.0000]]]))"
      ]
     },
     "execution_count": 9,
     "metadata": {},
     "output_type": "execute_result"
    }
   ],
   "source": [
    "# Create adjacency tensors and other variables\n",
    "mat1 = np.array([[1, 1, 0, 1, 1], \n",
    "                [1, 1, 1, 0, 0], \n",
    "                [0, 1, 1, 0, 1], \n",
    "                [1, 0, 0, 1, 0],\n",
    "                [1, 0, 1, 0, 1]])\n",
    "\n",
    "mat2 = np.array([[1, 0, 1, 1, 1], \n",
    "                [0, 1, 1, 0, 1], \n",
    "                [1, 1, 1, 1, 1], \n",
    "                [1, 0, 1, 1, 0],\n",
    "                [1, 1, 1, 0, 1]])\n",
    "\n",
    "mat3 = np.array([[1, 1, 0, 0, 1], \n",
    "                [1, 1, 0, 1, 0], \n",
    "                [0, 0, 1, 0, 1], \n",
    "                [0, 1, 0, 1, 0],\n",
    "                [1, 0, 1, 0, 1]])\n",
    "\n",
    "mat4 = np.array([[1, 1, 0, 0, 1], \n",
    "                [1, 1, 0, 1, 0], \n",
    "                [0, 0, 1, 0, 1], \n",
    "                [0, 1, 0, 1, 0],\n",
    "                [1, 0, 1, 0, 1]])\n",
    "\n",
    "primal_adjacency_tensor = torch.tensor(np.array([mat1, mat2, mat3, mat4]), dtype=constants.FLOATING_POINT)\n",
    "n_objects = primal_adjacency_tensor.shape[0]\n",
    "num_images = primal_adjacency_tensor.shape[1]\n",
    "\n",
    "img = torch.randn(num_images, 4, 224, 224)\n",
    "primal_index = [\"1\", \"2\", \"3\", \"4\", \"5\"]\n",
    "\n",
    "dual_index, dual_adjacency_tensor, dual_nodes = utils.create_dual_adjacency_tensor(primal_adjacency_tensor, primal_index, \"_\")\n",
    "\n",
    "# Create and run the DualGATImageClustering model\n",
    "model = DualGATImageClustering(primal_index=primal_index, dual_index=dual_index, n_objects=n_objects)\n",
    "model(img, primal_adjacency_tensor, dual_adjacency_tensor, dual_nodes)\n"
   ]
  }
 ],
 "metadata": {
  "kernelspec": {
   "display_name": "base",
   "language": "python",
   "name": "python3"
  },
  "language_info": {
   "codemirror_mode": {
    "name": "ipython",
    "version": 3
   },
   "file_extension": ".py",
   "mimetype": "text/x-python",
   "name": "python",
   "nbconvert_exporter": "python",
   "pygments_lexer": "ipython3",
   "version": "3.11.7"
  }
 },
 "nbformat": 4,
 "nbformat_minor": 2
}
