{
 "cells": [
  {
   "cell_type": "markdown",
   "metadata": {},
   "source": [
    "## Import Relevant Packages"
   ]
  },
  {
   "cell_type": "code",
   "execution_count": 7,
   "metadata": {},
   "outputs": [],
   "source": [
    "import os\n",
    "import sys \n",
    "sys.path.append('../')\n",
    "from models.dual_gat_image_clustering import DualGATImageClustering\n",
    "import torch\n",
    "import numpy as np\n",
    "from models import constants\n",
    "from src import utils"
   ]
  },
  {
   "cell_type": "markdown",
   "metadata": {},
   "source": [
    "## Model Testing"
   ]
  },
  {
   "cell_type": "code",
   "execution_count": 8,
   "metadata": {},
   "outputs": [
    {
     "name": "stderr",
     "output_type": "stream",
     "text": [
      "/home/billalmokhtari/anaconda3/lib/python3.11/site-packages/torchvision/models/_utils.py:208: UserWarning: The parameter 'pretrained' is deprecated since 0.13 and may be removed in the future, please use 'weights' instead.\n",
      "  warnings.warn(\n",
      "/home/billalmokhtari/anaconda3/lib/python3.11/site-packages/torchvision/models/_utils.py:223: UserWarning: Arguments other than a weight enum or `None` for 'weights' are deprecated since 0.13 and may be removed in the future. The current behavior is equivalent to passing `weights=VGG16_Weights.IMAGENET1K_V1`. You can also use `weights=VGG16_Weights.DEFAULT` to get the most up-to-date weights.\n",
      "  warnings.warn(msg)\n"
     ]
    },
    {
     "data": {
      "text/plain": [
       "(tensor([[ 1.1507,  1.0225, -0.6057,  ..., -0.4927,  1.0663, -0.1173],\n",
       "         [-1.3859, -0.6947, -0.4655,  ..., -0.3534,  0.9058, -1.2859],\n",
       "         [ 1.0290,  1.3790, -1.2807,  ..., -1.3891, -0.3460, -0.8438],\n",
       "         [-0.8332, -1.0911,  1.2397,  ...,  0.7981, -1.7042,  0.9045],\n",
       "         [ 0.0394, -0.6158,  1.1122,  ...,  1.4371,  0.0781,  1.3424]],\n",
       "        grad_fn=<NativeBatchNormBackward0>),\n",
       " tensor([[[ 1.0000, -0.5636, -0.3739, -0.1683, -0.2124],\n",
       "          [-0.5636,  1.0000,  1.1123,  0.9690,  1.5619],\n",
       "          [-0.3739,  1.1123,  1.0000, -1.9203, -0.4048],\n",
       "          [-0.1683,  0.9690, -1.9203,  1.0000,  0.0000],\n",
       "          [-0.2124,  1.5619, -0.4048,  0.0000,  1.0000]],\n",
       " \n",
       "         [[ 1.0000,  0.7656,  0.8473,  1.6598, -0.8327],\n",
       "          [ 0.7656,  1.0000, -0.0765,  0.4937, -0.0842],\n",
       "          [ 0.8473, -0.0765,  1.0000, -1.1165, -1.6565],\n",
       "          [ 1.6598,  0.4937, -1.1165,  1.0000,  0.0000],\n",
       "          [-0.8327, -0.0842, -1.6565,  0.0000,  1.0000]],\n",
       " \n",
       "         [[ 1.0000,  0.9345,  0.6938,  1.5529, -1.1175],\n",
       "          [ 0.9345,  1.0000, -0.4435,  0.1681, -1.4602],\n",
       "          [ 0.6938, -0.4435,  1.0000,  0.7229, -1.0511],\n",
       "          [ 1.5529,  0.1681,  0.7229,  1.0000,  0.0000],\n",
       "          [-1.1175, -1.4602, -1.0511,  0.0000,  1.0000]],\n",
       " \n",
       "         ...,\n",
       " \n",
       "         [[ 1.0000, -1.1557,  1.7569, -0.5197, -0.8690],\n",
       "          [-1.1557,  1.0000,  1.3335,  0.3723,  0.5082],\n",
       "          [ 1.7569,  1.3335,  1.0000, -1.1356, -0.2910],\n",
       "          [-0.5197,  0.3723, -1.1356,  1.0000,  0.0000],\n",
       "          [-0.8690,  0.5082, -0.2910,  0.0000,  1.0000]],\n",
       " \n",
       "         [[ 1.0000,  0.3664, -1.3448, -0.0638,  1.6492],\n",
       "          [ 0.3664,  1.0000, -1.4295, -0.6838,  1.3328],\n",
       "          [-1.3448, -1.4295,  1.0000, -0.0287,  0.2022],\n",
       "          [-0.0638, -0.6838, -0.0287,  1.0000,  0.0000],\n",
       "          [ 1.6492,  1.3328,  0.2022,  0.0000,  1.0000]],\n",
       " \n",
       "         [[ 1.0000,  0.6585,  0.8510,  1.4952, -1.3695],\n",
       "          [ 0.6585,  1.0000,  0.3611,  0.6801, -0.2958],\n",
       "          [ 0.8510,  0.3611,  1.0000, -0.8610, -1.5196],\n",
       "          [ 1.4952,  0.6801, -0.8610,  1.0000,  0.0000],\n",
       "          [-1.3695, -0.2958, -1.5196,  0.0000,  1.0000]]]),\n",
       " tensor([[-0.5636,  0.7656,  0.9345,  ..., -1.1557,  0.3664,  0.6585],\n",
       "         [-0.3739,  0.8473,  0.6938,  ...,  1.7569, -1.3448,  0.8510],\n",
       "         [-0.1683,  1.6598,  1.5529,  ..., -0.5197, -0.0638,  1.4952],\n",
       "         ...,\n",
       "         [ 1.5619, -0.0842, -1.4602,  ...,  0.5082,  1.3328, -0.2958],\n",
       "         [-1.9203, -1.1165,  0.7229,  ..., -1.1356, -0.0287, -0.8610],\n",
       "         [-0.4048, -1.6565, -1.0511,  ..., -0.2910,  0.2022, -1.5196]],\n",
       "        grad_fn=<NativeBatchNormBackward0>),\n",
       " tensor([[[ 1.0000,  1.1507,  1.1507,  ..., -1.3859,  0.0000,  0.0000],\n",
       "          [ 1.1507,  1.0000,  1.1507,  ...,  0.0000,  1.0290,  1.0290],\n",
       "          [ 1.1507,  1.1507,  1.0000,  ...,  0.0000, -0.8332,  0.0000],\n",
       "          ...,\n",
       "          [-1.3859,  0.0000,  0.0000,  ...,  1.0000,  0.0000,  0.0394],\n",
       "          [ 0.0000,  1.0290, -0.8332,  ...,  0.0000,  1.0000,  1.0290],\n",
       "          [ 0.0000,  1.0290,  0.0000,  ...,  0.0394,  1.0290,  1.0000]],\n",
       " \n",
       "         [[ 1.0000,  1.0225,  1.0225,  ..., -0.6947,  0.0000,  0.0000],\n",
       "          [ 1.0225,  1.0000,  1.0225,  ...,  0.0000,  1.3790,  1.3790],\n",
       "          [ 1.0225,  1.0225,  1.0000,  ...,  0.0000, -1.0911,  0.0000],\n",
       "          ...,\n",
       "          [-0.6947,  0.0000,  0.0000,  ...,  1.0000,  0.0000, -0.6158],\n",
       "          [ 0.0000,  1.3790, -1.0911,  ...,  0.0000,  1.0000,  1.3790],\n",
       "          [ 0.0000,  1.3790,  0.0000,  ..., -0.6158,  1.3790,  1.0000]],\n",
       " \n",
       "         [[ 1.0000, -0.6057, -0.6057,  ..., -0.4655,  0.0000,  0.0000],\n",
       "          [-0.6057,  1.0000, -0.6057,  ...,  0.0000, -1.2807, -1.2807],\n",
       "          [-0.6057, -0.6057,  1.0000,  ...,  0.0000,  1.2397,  0.0000],\n",
       "          ...,\n",
       "          [-0.4655,  0.0000,  0.0000,  ...,  1.0000,  0.0000,  1.1122],\n",
       "          [ 0.0000, -1.2807,  1.2397,  ...,  0.0000,  1.0000, -1.2807],\n",
       "          [ 0.0000, -1.2807,  0.0000,  ...,  1.1122, -1.2807,  1.0000]],\n",
       " \n",
       "         ...,\n",
       " \n",
       "         [[ 1.0000, -0.4927, -0.4927,  ..., -0.3534,  0.0000,  0.0000],\n",
       "          [-0.4927,  1.0000, -0.4927,  ...,  0.0000, -1.3891, -1.3891],\n",
       "          [-0.4927, -0.4927,  1.0000,  ...,  0.0000,  0.7981,  0.0000],\n",
       "          ...,\n",
       "          [-0.3534,  0.0000,  0.0000,  ...,  1.0000,  0.0000,  1.4371],\n",
       "          [ 0.0000, -1.3891,  0.7981,  ...,  0.0000,  1.0000, -1.3891],\n",
       "          [ 0.0000, -1.3891,  0.0000,  ...,  1.4371, -1.3891,  1.0000]],\n",
       " \n",
       "         [[ 1.0000,  1.0663,  1.0663,  ...,  0.9058,  0.0000,  0.0000],\n",
       "          [ 1.0663,  1.0000,  1.0663,  ...,  0.0000, -0.3460, -0.3460],\n",
       "          [ 1.0663,  1.0663,  1.0000,  ...,  0.0000, -1.7042,  0.0000],\n",
       "          ...,\n",
       "          [ 0.9058,  0.0000,  0.0000,  ...,  1.0000,  0.0000,  0.0781],\n",
       "          [ 0.0000, -0.3460, -1.7042,  ...,  0.0000,  1.0000, -0.3460],\n",
       "          [ 0.0000, -0.3460,  0.0000,  ...,  0.0781, -0.3460,  1.0000]],\n",
       " \n",
       "         [[ 1.0000, -0.1173, -0.1173,  ..., -1.2859,  0.0000,  0.0000],\n",
       "          [-0.1173,  1.0000, -0.1173,  ...,  0.0000, -0.8438, -0.8438],\n",
       "          [-0.1173, -0.1173,  1.0000,  ...,  0.0000,  0.9045,  0.0000],\n",
       "          ...,\n",
       "          [-1.2859,  0.0000,  0.0000,  ...,  1.0000,  0.0000,  1.3424],\n",
       "          [ 0.0000, -0.8438,  0.9045,  ...,  0.0000,  1.0000, -0.8438],\n",
       "          [ 0.0000, -0.8438,  0.0000,  ...,  1.3424, -0.8438,  1.0000]]]))"
      ]
     },
     "execution_count": 8,
     "metadata": {},
     "output_type": "execute_result"
    }
   ],
   "source": [
    "# Create adjacency tensors and other variables\n",
    "mat1 = np.array([[1, 1, 0, 1, 1], \n",
    "                [1, 1, 1, 0, 0], \n",
    "                [0, 1, 1, 0, 1], \n",
    "                [1, 0, 0, 1, 0],\n",
    "                [1, 0, 1, 0, 1]])\n",
    "\n",
    "mat2 = np.array([[1, 0, 1, 1, 1], \n",
    "                [0, 1, 1, 0, 1], \n",
    "                [1, 1, 1, 1, 1], \n",
    "                [1, 0, 1, 1, 0],\n",
    "                [1, 1, 1, 0, 1]])\n",
    "\n",
    "mat3 = np.array([[1, 1, 0, 0, 1], \n",
    "                [1, 1, 0, 1, 0], \n",
    "                [0, 0, 1, 0, 1], \n",
    "                [0, 1, 0, 1, 0],\n",
    "                [1, 0, 1, 0, 1]])\n",
    "\n",
    "mat4 = np.array([[1, 1, 0, 0, 1], \n",
    "                [1, 1, 0, 1, 0], \n",
    "                [0, 0, 1, 0, 1], \n",
    "                [0, 1, 0, 1, 0],\n",
    "                [1, 0, 1, 0, 1]])\n",
    "\n",
    "primal_adjacency_tensor = torch.tensor(np.array([mat1, mat2, mat3, mat4]), dtype=constants.FLOATING_POINT)\n",
    "n_objects = primal_adjacency_tensor.shape[0]\n",
    "num_images = primal_adjacency_tensor.shape[1]\n",
    "\n",
    "img = torch.randn(num_images, 4, 224, 224)\n",
    "primal_index = [\"1\", \"2\", \"3\", \"4\", \"5\"]\n",
    "\n",
    "dual_index, dual_adjacency_tensor, dual_nodes = utils.create_dual_adjacency_tensor(primal_adjacency_tensor, primal_index, \"_\")\n",
    "\n",
    "# Create and run the DualGATImageClustering model\n",
    "model = DualGATImageClustering(primal_index=primal_index, dual_index=dual_index, n_objects=n_objects)\n",
    "model(img, primal_adjacency_tensor, dual_adjacency_tensor, dual_nodes)\n"
   ]
  }
 ],
 "metadata": {
  "kernelspec": {
   "display_name": "base",
   "language": "python",
   "name": "python3"
  },
  "language_info": {
   "codemirror_mode": {
    "name": "ipython",
    "version": 3
   },
   "file_extension": ".py",
   "mimetype": "text/x-python",
   "name": "python",
   "nbconvert_exporter": "python",
   "pygments_lexer": "ipython3",
   "version": "3.11.7"
  }
 },
 "nbformat": 4,
 "nbformat_minor": 2
}
